-0.53033008589 -0.436153588422 -0.321211260583 -0.190500786802 -0.0591055244269 0.0513260016479 0.125726979214 0.164431670595 0.177787025093 0.176776695297 
-0.623259426665 -0.53033008589 -0.405373850464 -0.247728385418 -0.0770982897924 0.0643230664449 0.146190913161 0.175864343255 0.176776695297 0.166092790712 
-0.733055645132 -0.653076816161 -0.53033008589 -0.34575188498 -0.110380624488 0.0857355106498 0.168743870448 0.176776695297 0.160656655046 0.141101630989 
-0.851522586669 -0.800684645718 -0.709986246936 -0.53033008589 -0.190500786802 0.125726979214 0.176776695297 0.147506678776 0.1184603843 0.0971607113818 
-0.958875882168 -0.945236211945 -0.918967891094 -0.851522586669 -0.53033008589 0.176776695297 0.0971607113818 0.0616127845966 0.0447132817162 0.0350078525054 
-0.958875882168 -0.945236211945 -0.918967891094 -0.851522586669 -0.53033008589 0.176776695297 0.0971607113818 0.0616127845966 0.0447132817162 0.0350078525054 
-0.851522586669 -0.800684645718 -0.709986246936 -0.53033008589 -0.190500786802 0.125726979214 0.176776695297 0.147506678776 0.1184603843 0.0971607113818 
-0.733055645132 -0.653076816161 -0.53033008589 -0.34575188498 -0.110380624488 0.0857355106498 0.168743870448 0.176776695297 0.160656655046 0.141101630989 
-0.623259426665 -0.53033008589 -0.405373850464 -0.247728385418 -0.0770982897924 0.0643230664449 0.146190913161 0.175864343255 0.176776695297 0.166092790712 
-0.53033008589 -0.436153588422 -0.321211260583 -0.190500786802 -0.0591055244269 0.0513260016479 0.125726979214 0.164431670595 0.177787025093 0.176776695297 
