0.53033008589 0.5607688994 0.57818026905 0.571502360407 0.531949719842 0.461934014831 0.377180937643 0.295977007072 0.228583317977 0.176776695297 
0.48475733185 0.53033008589 0.567523390649 0.578032899309 0.539688028547 0.450261465114 0.341112130709 0.246210080557 0.176776695297 0.129183281665 
0.407253136185 0.466483440115 0.53033008589 0.576253141633 0.551903122442 0.428677553249 0.28123978408 0.176776695297 0.114754753604 0.0783897949939 
0.283840862223 0.34315056245 0.425991748162 0.53033008589 0.571502360407 0.377180937643 0.176776695297 0.0885040072658 0.0507687361287 0.0323869037939 
0.106541764685 0.135033744564 0.183793578219 0.283840862223 0.53033008589 0.176776695297 0.0323869037939 0.0123225569193 0.00638761167374 0.00388976138949 
-0.106541764685 -0.135033744564 -0.183793578219 -0.283840862223 -0.53033008589 -0.176776695297 -0.0323869037939 -0.0123225569193 -0.00638761167374 -0.00388976138949 
-0.283840862223 -0.34315056245 -0.425991748162 -0.53033008589 -0.571502360407 -0.377180937643 -0.176776695297 -0.0885040072658 -0.0507687361287 -0.0323869037939 
-0.407253136185 -0.466483440115 -0.53033008589 -0.576253141633 -0.551903122442 -0.428677553249 -0.28123978408 -0.176776695297 -0.114754753604 -0.0783897949939 
-0.48475733185 -0.53033008589 -0.567523390649 -0.578032899309 -0.539688028547 -0.450261465114 -0.341112130709 -0.246210080557 -0.176776695297 -0.129183281665 
-0.53033008589 -0.5607688994 -0.57818026905 -0.571502360407 -0.531949719842 -0.461934014831 -0.377180937643 -0.295977007072 -0.228583317977 -0.176776695297 
